300,.07
300,.07
300,.07
300,.07
300,.07
300,.07
300,.07
300,.07
300,.07
300,.07
300,.07
300,.07
300,.07
300,.07
300,.07
300,.07
300,3
300,3
300,3
300,3
300,3
300,3
300,3
300,3
300,3
300,3
300,3
300,3
300,3
300,3
300,3
300,3
300,3
300,3
300,3
300,3
300,3
300,3
300,3
300,3
300,3
300,3
300,3
300,3
300,3
300,3
300,3
300,3
300,3
300,3
300,3
300,3
300,3
300,3
300,3
300,3
300,3
300,3
300,3
300,3
300,3
300,3
300,.15
438,.15
576,.15
714,.15
852,.15
990,.15
1128,.15
1266,.15
1404,.15
1542,.15
1680,.15
1818,.15
1956,.15
2094,.15
2232,.15
2370,.15
2508,.15
2646,.15
2784,.15
2922,.15
3060,.15
3070,.15
2932,.15
2794,.15
2656,.15
2518,.15
2380,.15
2242,.15
2104,.15
1966,.15
1828,.15
1690,.15
1552,.15
1414,.15
1276,.15
1138,.15
1000,.15
862,.15
724,.15
586,.15
448,.15
310,.15
300,.15
1283,.15
2266,.15
3249,.15
4232,.15
5215,.15
6198,.15
7181,.15
8164,.15
9147,.15
10130,.15
11113,.15
12096,.15
13079,.15
14062,.15
15045,.15
16028,.15
17011,.15
17994,.15
18977,.15
19960,.15
19960,.15
18977,.15
17994,.15
17011,.15
16028,.15
15045,.15
14062,.15
13079,.15
12096,.15
11113,.15
10130,.15
9147,.15
8164,.15
7181,.15
6198,.15
5215,.15
4232,.15
3249,.15
2266,.15
1283,.15
300,.15
300,.15
323,.15
346,.15
369,.15
392,.15
415,.15
438,.15
461,.15
484,.15
507,.15
530,.15
553,.15
576,.15
599,.15
622,.15
645,.15
668,.15
691,.15
714,.15
737,.15
760,.15
767,.15
744,.15
721,.15
698,.15
675,.15
652,.15
629,.15
606,.15
583,.15
560,.15
537,.15
514,.15
491,.15
468,.15
445,.15
422,.15
399,.15
376,.15
353,.15
330,.15
307,.15
300,3
300,.15
477,.15
654,.15
831,.15
1008,.15
1185,.15
1362,.15
1539,.15
1716,.15
1893,.15
2070,.15
2247,.15
2424,.15
2601,.15
2778,.15
2955,.15
3132,.15
3309,.15
3486,.15
3663,.15
3838,.15
3661,.15
3484,.15
3307,.15
3130,.15
2953,.15
2776,.15
2599,.15
2422,.15
2245,.15
2068,.15
1891,.15
1714,.15
1537,.15
1360,.15
1183,.15
1006,.15
829,.15
652,.15
475,.15
300,.15
1168,.15
2036,.15
2904,.15
3772,.15
4640,.15
5508,.15
6376,.15
7244,.15
8112,.15
8980,.15
9848,.15
10716,.15
11584,.15
12452,.15
13320,.15
14188,.15
15056,.15
15924,.15
16792,.15
17656,.15
16788,.15
15920,.15
15052,.15
14184,.15
13316,.15
12448,.15
11580,.15
10712,.15
9844,.15
8976,.15
8108,.15
7240,.15
6372,.15
5504,.15
4636,.15
3768,.15
2900,.15
2032,.15
1164,.15
300,.15
1168,.15
2036,.15
2904,.15
3772,.15
4640,.15
5508,.15
6376,.15
7244,.15
8112,.15
8980,.15
9848,.15
10716,.15
11584,.15
12452,.15
13320,.15
14188,.15
15056,.15
15924,.15
16792,.15
17656,.15
16788,.15
15920,.15
15052,.15
14184,.15
13316,.15
12448,.15
11580,.15
10712,.15
9844,.15
8976,.15
8108,.15
7240,.15
6372,.15
5504,.15
4636,.15
3768,.15
2900,.15
2032,.15
1164,.15
300,3
300,3
300,3
300,3
300,3
300,3
300,3
300,3
300,3
300,3
300,3
300,3
300,3
300,3
300,3
300,3
300,3
300,3
270,.15
290,.15
311,.15
332,.15
352,.15
373,.15
394,.15
414,.15
435,.15
456,.15
477,.15
497,.15
518,.15
539,.15
559,.15
580,.15
601,.15
621,.15
642,.15
663,.15
684,.15
690,.15
669,.15
648,.15
628,.15
539,.15
521,.15
503,.15
484,.15
466,.15
447,.15
429,.15
359,.15
343,.15
327,.15
311,.15
253,.15
239,.15
225,.15
211,.15
164,.15
153,.15
149,3
149,3
149,3
119,3
89,3
59,3
40,3
40,3
40,3
40,3
40,3
40,3
40,3
40,3
40,3
40,3
40,3
40,3
40,3
40,3
40,3
59,3
89,3
119,3
149,3
179,3
209,3
239,3
270,3
300,3
330,3
360,3
390,3
420,3
450,3
480,3
510,3
540,3
570,3
570,3
570,3
570,3
570,3
570,3
570,3
570,3
570,3
570,3
570,3
570,3
570,3
570,3
570,3
570,3
570,3
570,3
570,3
570,3
570,3
570,.15
1926,.15
3283,.15
4639,.15
5996,.15
7353,.15
8709,.15
10066,.15
11422,.15
12779,.15
14136,.15
15492,.15
16849,.15
18205,.15
19562,.15
20919,.15
22275,.15
23632,.15
24988,.15
26345,.15
27702,.15
27713,.15
26356,.15
25000,.15
23643,.15
22287,.15
20930,.15
19573,.15
18217,.15
16860,.15
15504,.15
14147,.15
12790,.15
11434,.15
10077,.15
8721,.15
7364,.15
6007,.15
4651,.15
3294,.15
1938,.15
581,.15
570,.15
832,.15
1094,.15
1356,.15
1618,.15
1881,.15
2143,.15
2405,.15
2667,.15
2929,.15
3192,.15
3454,.15
3716,.15
3978,.15
4240,.15
4503,.15
4765,.15
5027,.15
5289,.15
5551,.15
5814,.15
5833,.15
5570,.15
5308,.15
5046,.15
4784,.15
4522,.15
4259,.15
3997,.15
3735,.15
3473,.15
3211,.15
2948,.15
2686,.15
2424,.15
2162,.15
1900,.15
1637,.15
1375,.15
1113,.15
851,.15
589,.15
570,.15
613,.15
657,.15
701,.15
744,.15
788,.15
832,.15
875,.15
919,.15
963,.15
1007,.15
1050,.15
1094,.15
1138,.15
1181,.15
1225,.15
1269,.15
1312,.15
1356,.15
1400,.15
1444,.15
1457,.15
1413,.15
1369,.15
1326,.15
1282,.15
1238,.15
1195,.15
1151,.15
1107,.15
1064,.15
1020,.15
976,.15
932,.15
889,.15
845,.15
801,.15
758,.15
714,.15
670,.15
627,.15
583,.15
570,.15
1782,.15
2994,.15
4206,.15
5418,.15
6631,.15
7843,.15
9055,.15
10267,.15
11479,.15
12692,.15
13904,.15
15116,.15
16328,.15
17540,.15
18753,.15
19965,.15
21177,.15
22389,.15
23601,.15
24795,.15
23582,.15
22370,.15
21158,.15
19946,.15
18734,.15
17521,.15
16309,.15
15097,.15
13885,.15
12673,.15
11460,.15
10248,.15
9036,.15
7824,.15
6612,.15
5399,.15
4187,.15
2975,.15
1763,.15
570,.15
2219,.15
3868,.15
5517,.15
7166,.15
8816,.15
10465,.15
12114,.15
13763,.15
15412,.15
17062,.15
18711,.15
20360,.15
22009,.15
23658,.15
25308,.15
26957,.15
28606,.15
30255,.15
31904,.15
33546,.15
31897,.15
30248,.15
28598,.15
26949,.15
25300,.15
23651,.15
22002,.15
20352,.15
18703,.15
17054,.15
15405,.15
13756,.15
12106,.15
10457,.15
8808,.15
7159,.15
5510,.15
3860,.15
2211,.15
570,.15
2219,.15
3868,.15
5517,.15
7166,.15
8816,.15
10465,.15
12114,.15
13763,.15
15412,.15
17062,.15
18711,.15
20360,.15
22009,.15
23658,.15
25308,.15
26957,.15
28606,.15
30255,.15
31904,.15
33546,.15
31897,.15
30248,.15
28598,.15
26949,.15
25300,.15
23651,.15
22002,.15
20352,.15
18703,.15
17054,.15
15405,.15
13756,.15
12106,.15
10457,.15
8808,.15
7159,.15
5510,.15
3860,.15
2211,.15
570,.15
906,.15
1242,.15
1578,.15
1915,.15
2251,.15
2587,.15
2924,.15
3260,.15
3596,.15
3933,.15
4269,.15
4605,.15
4941,.15
5278,.15
5614,.15
5950,.15
6287,.15
6623,.15
6959,.15
7292,.15
6955,.15
6619,.15
6283,.15
5947,.15
5610,.15
5274,.15
4938,.15
4601,.15
4265,.15
3929,.15
3592,.15
3256,.15
2920,.15
2584,.15
2247,.15
1911,.15
1575,.15
1238,.15
902,.15
570,.15
1782,.15
2994,.15
4206,.15
5418,.15
6631,.15
7843,.15
9055,.15
10267,.15
11479,.15
12692,.15
13904,.15
15116,.15
16328,.15
17540,.15
18753,.15
19965,.15
21177,.15
22389,.15
23601,.15
24795,.15
23582,.15
22370,.15
21158,.15
19946,.15
18734,.15
17521,.15
16309,.15
15097,.15
13885,.15
12673,.15
11460,.15
10248,.15
9036,.15
7824,.15
6612,.15
5399,.15
4187,.15
2975,.15
1763,.15
570,.15
2219,.15
3868,.15
5517,.15
7166,.15
8816,.15
10465,.15
12114,.15
13763,.15
15412,.15
17062,.15
18711,.15
20360,.15
22009,.15
23658,.15
25308,.15
26957,.15
28606,.15
30255,.15
31904,.15
33546,.15
31897,.15
30248,.15
28598,.15
26949,.15
25300,.15
23651,.15
22002,.15
20352,.15
18703,.15
17054,.15
15405,.15
13756,.15
12106,.15
10457,.15
8808,.15
7159,.15
5510,.15
3860,.15
2211,.15
570,.15
2219,.15
3868,.15
5517,.15
7166,.15
8816,.15
10465,.15
12114,.15
13763,.15
15412,.15
17062,.15
18711,.15
20360,.15
22009,.15
23658,.15
25308,.15
26957,.15
28606,.15
30255,.15
31904,.15
33546,.15
31897,.15
30248,.15
28598,.15
26949,.15
25300,.15
23651,.15
22002,.15
20352,.15
18703,.15
17054,.15
15405,.15
13756,.15
12106,.15
10457,.15
8808,.15
7159,.15
5510,.15
3860,.15
2211,.15
570,.15
2219,.15
3868,.15
5517,.15
7166,.15
8816,.15
10465,.15
12114,.15
13763,.15
15412,.15
17062,.15
18711,.15
20360,.15
22009,.15
23658,.15
25308,.15
26957,.15
28606,.15
30255,.15
31904,.15
33546,.15
31897,.15
30248,.15
28598,.15
26949,.15
25300,.15
23651,.15
22002,.15
20352,.15
18703,.15
17054,.15
15405,.15
13756,.15
12106,.15
10457,.15
8808,.15
7159,.15
5510,.15
3860,.15
2211,.15
570,.15
2219,.15
3868,.15
5517,.15
7166,.15
8816,.15
10465,.15
12114,.15
13763,.15
15412,.15
17062,.15
18711,.15
20360,.15
22009,.15
23658,.15
25308,.15
26957,.15
28606,.15
30255,.15
31904,.15
33546,.15
31897,.15
30248,.15
28598,.15
26949,.15
25300,.15
23651,.15
22002,.15
20352,.15
18703,.15
17054,.15
15405,.15
13756,.15
12106,.15
10457,.15
8808,.15
7159,.15
5510,.15
3860,.15
2211,.15
570,.15
2219,.15
3868,.15
5517,.15
7166,.15
8816,.15
10465,.15
12114,.15
13763,.15
15412,.15
17062,.15
18711,.15
20360,.15
22009,.15
23658,.15
25308,.15
26957,.15
28606,.15
30255,.15
31904,.15
33546,.15
31897,.15
30248,.15
28598,.15
26949,.15
25300,.15
23651,.15
22002,.15
20352,.15
18703,.15
17054,.15
15405,.15
13756,.15
12106,.15
10457,.15
8808,.15
7159,.15
5510,.15
3860,.15
2211,.15
570,.15
2219,.15
3868,.15
5517,.15
7166,.15
8816,.15
10465,.15
12114,.15
13763,.15
15412,.15
17062,.15
18711,.15
20360,.15
22009,.15
23658,.15
25308,.15
26957,.15
28606,.15
30255,.15
31904,.15
33546,.15
31897,.15
30248,.15
28598,.15
26949,.15
25300,.15
23651,.15
22002,.15
20352,.15
18703,.15
17054,.15
15405,.15
13756,.15
12106,.15
10457,.15
8808,.15
7159,.15
5510,.15
3860,.15
2211,.15
570,.15
2219,.15
3868,.15
5517,.15
7166,.15
8816,.15
10465,.15
12114,.15
13763,.15
15412,.15
17062,.15
18711,.15
20360,.15
22009,.15
23658,.15
25308,.15
26957,.15
28606,.15
30255,.15
31904,.15
33546,.15
31897,.15
30248,.15
28598,.15
26949,.15
25300,.15
23651,.15
22002,.15
20352,.15
18703,.15
17054,.15
15405,.15
13756,.15
12106,.15
10457,.15
8808,.15
7159,.15
5510,.15
3860,.15
2211,.15
570,.15
2219,.15
3868,.15
5517,.15
7166,.15
8816,.15
10465,.15
12114,.15
13763,.15
15412,.15
17062,.15
18711,.15
20360,.15
22009,.15
23658,.15
25308,.15
26957,.15
28606,.15
30255,.15
31904,.15
33546,.15
31897,.15
30248,.15
28598,.15
26949,.15
25300,.15
23651,.15
22002,.15
20352,.15
18703,.15
17054,.15
15405,.15
13756,.15
12106,.15
10457,.15
8808,.15
7159,.15
5510,.15
3860,.15
2211,.15
570,.15
906,.15
1242,.15
1578,.15
1915,.15
2251,.15
2587,.15
2924,.15
3260,.15
3596,.15
3933,.15
4269,.15
4605,.15
4941,.15
5278,.15
5614,.15
5950,.15
6287,.15
6623,.15
6959,.15
7292,.15
6955,.15
6619,.15
6283,.15
5947,.15
5610,.15
5274,.15
4938,.15
4601,.15
4265,.15
3929,.15
3592,.15
3256,.15
2920,.15
2584,.15
2247,.15
1911,.15
1575,.15
1238,.15
902,.15
570,.15
906,.15
1242,.15
1578,.15
1915,.15
2251,.15
2587,.15
2924,.15
3260,.15
3596,.15
3933,.15
4269,.15
4605,.15
4941,.15
5278,.15
5614,.15
5950,.15
6287,.15
6623,.15
6959,.15
7292,.15
6955,.15
6619,.15
6283,.15
5947,.15
5610,.15
5274,.15
4938,.15
4601,.15
4265,.15
3929,.15
3592,.15
3256,.15
2920,.15
2584,.15
2247,.15
1911,.15
1575,.15
1238,.15
902,.15
570,.15
906,.15
1242,.15
1578,.15
1915,.15
2251,.15
2587,.15
2924,.15
3260,.15
3596,.15
3933,.15
4269,.15
4605,.15
4941,.15
5278,.15
5614,.15
5950,.15
6287,.15
6623,.15
6959,.15
7292,.15
6955,.15
6619,.15
6283,.15
5947,.15
5610,.15
5274,.15
4938,.15
4601,.15
4265,.15
3929,.15
3592,.15
3256,.15
2920,.15
2584,.15
2247,.15
1911,.15
1575,.15
1238,.15
902,.15
570,.15
906,.15
1242,.15
1578,.15
1915,.15
2251,.15
2587,.15
2924,.15
3260,.15
3596,.15
3933,.15
4269,.15
4605,.15
4941,.15
5278,.15
5614,.15
5950,.15
6287,.15
6623,.15
6959,.15
7292,.15
6955,.15
6619,.15
6283,.15
5947,.15
5610,.15
5274,.15
4938,.15
4601,.15
4265,.15
3929,.15
3592,.15
3256,.15
2920,.15
2584,.15
2247,.15
1911,.15
1575,.15
1238,.15
902,.15
570,.15
1782,.15
2994,.15
4206,.15
5418,.15
6631,.15
7843,.15
9055,.15
10267,.15
11479,.15
12692,.15
13904,.15
15116,.15
16328,.15
17540,.15
18753,.15
19965,.15
21177,.15
22389,.15
23601,.15
24795,.15
23582,.15
22370,.15
21158,.15
19946,.15
18734,.15
17521,.15
16309,.15
15097,.15
13885,.15
12673,.15
11460,.15
10248,.15
9036,.15
7824,.15
6612,.15
5399,.15
4187,.15
2975,.15
1763,.15
570,.15
1782,.15
2994,.15
4206,.15
5418,.15
6631,.15
7843,.15
9055,.15
10267,.15
11479,.15
12692,.15
13904,.15
15116,.15
16328,.15
17540,.15
18753,.15
19965,.15
21177,.15
22389,.15
23601,.15
24795,.15
23582,.15
22370,.15
21158,.15
19946,.15
18734,.15
17521,.15
16309,.15
15097,.15
13885,.15
12673,.15
11460,.15
10248,.15
9036,.15
7824,.15
6612,.15
5399,.15
4187,.15
2975,.15
1763,.15
570,.15
1782,.15
2994,.15
4206,.15
5418,.15
6631,.15
7843,.15
9055,.15
10267,.15
11479,.15
12692,.15
13904,.15
15116,.15
16328,.15
17540,.15
18753,.15
19965,.15
21177,.15
22389,.15
23601,.15
24795,.15
23582,.15
22370,.15
21158,.15
19946,.15
18734,.15
17521,.15
16309,.15
15097,.15
13885,.15
12673,.15
11460,.15
10248,.15
9036,.15
7824,.15
6612,.15
5399,.15
4187,.15
2975,.15
1763,.15
570,.15
1782,.15
2994,.15
4206,.15
5418,.15
6631,.15
7843,.15
9055,.15
10267,.15
11479,.15
12692,.15
13904,.15
15116,.15
16328,.15
17540,.15
18753,.15
19965,.15
21177,.15
22389,.15
23601,.15
24795,.15
23582,.15
22370,.15
21158,.15
19946,.15
18734,.15
17521,.15
16309,.15
15097,.15
13885,.15
12673,.15
11460,.15
10248,.15
9036,.15
7824,.15
6612,.15
5399,.15
4187,.15
2975,.15
1763,.15
570,.15
1782,.15
2994,.15
4206,.15
5418,.15
6631,.15
7843,.15
9055,.15
10267,.15
11479,.15
12692,.15
13904,.15
15116,.15
16328,.15
17540,.15
18753,.15
19965,.15
21177,.15
22389,.15
23601,.15
24795,.15
23582,.15
22370,.15
21158,.15
19946,.15
18734,.15
17521,.15
16309,.15
15097,.15
13885,.15
12673,.15
11460,.15
10248,.15
9036,.15
7824,.15
6612,.15
5399,.15
4187,.15
2975,.15
1763,.15
570,.15
1782,.15
2994,.15
4206,.15
5418,.15
6631,.15
7843,.15
9055,.15
10267,.15
11479,.15
12692,.15
13904,.15
15116,.15
16328,.15
17540,.15
18753,.15
19965,.15
21177,.15
22389,.15
23601,.15
24795,.15
23582,.15
22370,.15
21158,.15
19946,.15
18734,.15
17521,.15
16309,.15
15097,.15
13885,.15
12673,.15
11460,.15
10248,.15
9036,.15
7824,.15
6612,.15
5399,.15
4187,.15
2975,.15
1763,.15
570,.15
2219,.15
3868,.15
5517,.15
7166,.15
8816,.15
10465,.15
12114,.15
13763,.15
15412,.15
17062,.15
18711,.15
20360,.15
22009,.15
23658,.15
25308,.15
26957,.15
28606,.15
30255,.15
31904,.15
33546,.15
31897,.15
30248,.15
28598,.15
26949,.15
25300,.15
23651,.15
22002,.15
20352,.15
18703,.15
17054,.15
15405,.15
13756,.15
12106,.15
10457,.15
8808,.15
7159,.15
5510,.15
3860,.15
2211,.15
570,.15
906,.15
1242,.15
1578,.15
1915,.15
2251,.15
2587,.15
2924,.15
3260,.15
3596,.15
3933,.15
4269,.15
4605,.15
4941,.15
5278,.15
5614,.15
5950,.15
6287,.15
6623,.15
6959,.15
7292,.15
6955,.15
6619,.15
6283,.15
5947,.15
5610,.15
5274,.15
4938,.15
4601,.15
4265,.15
3929,.15
3592,.15
3256,.15
2920,.15
2584,.15
2247,.15
1911,.15
1575,.15
1238,.15
902,.15
570,.15
1926,.15
3283,.15
4639,.15
5996,.15
7353,.15
8709,.15
10066,.15
11422,.15
12779,.15
14136,.15
15492,.15
16849,.15
18205,.15
19562,.15
20919,.15
22275,.15
23632,.15
24988,.15
26345,.15
27702,.15
27713,.15
26356,.15
25000,.15
23643,.15
22287,.15
20930,.15
19573,.15
18217,.15
16860,.15
15504,.15
14147,.15
12790,.15
11434,.15
10077,.15
8721,.15
7364,.15
6007,.15
4651,.15
3294,.15
1938,.15
581,.15
570,.15
613,.15
657,.15
701,.15
744,.15
788,.15
832,.15
875,.15
919,.15
963,.15
1007,.15
1050,.15
1094,.15
1138,.15
1181,.15
1225,.15
1269,.15
1312,.15
1356,.15
1400,.15
1444,.15
1457,.15
1413,.15
1369,.15
1326,.15
1282,.15
1238,.15
1195,.15
1151,.15
1107,.15
1064,.15
1020,.15
976,.15
932,.15
889,.15
845,.15
801,.15
758,.15
714,.15
670,.15
627,.15
583,.15
570,.15
1926,.15
3283,.15
4639,.15
5996,.15
7353,.15
8709,.15
10066,.15
11422,.15
12779,.15
14136,.15
15492,.15
16849,.15
18205,.15
19562,.15
20919,.15
22275,.15
23632,.15
24988,.15
26345,.15
27702,.15
27713,.15
26356,.15
25000,.15
23643,.15
22287,.15
20930,.15
19573,.15
18217,.15
16860,.15
15504,.15
14147,.15
12790,.15
11434,.15
10077,.15
8721,.15
7364,.15
6007,.15
4651,.15
3294,.15
1938,.15
581,.15
570,.15
832,.15
1094,.15
1356,.15
1618,.15
1881,.15
2143,.15
2405,.15
2667,.15
2929,.15
3192,.15
3454,.15
3716,.15
3978,.15
4240,.15
4503,.15
4765,.15
5027,.15
5289,.15
5551,.15
5814,.15
5833,.15
5570,.15
5308,.15
5046,.15
4784,.15
4522,.15
4259,.15
3997,.15
3735,.15
3473,.15
3211,.15
2948,.15
2686,.15
2424,.15
2162,.15
1900,.15
1637,.15
1375,.15
1113,.15
851,.15
589,.15
570,.15
1782,.15
2994,.15
4206,.15
5418,.15
6631,.15
7843,.15
9055,.15
10267,.15
11479,.15
12692,.15
13904,.15
15116,.15
16328,.15
17540,.15
18753,.15
19965,.15
21177,.15
22389,.15
23601,.15
24795,.15
23582,.15
22370,.15
21158,.15
19946,.15
18734,.15
17521,.15
16309,.15
15097,.15
13885,.15
12673,.15
11460,.15
10248,.15
9036,.15
7824,.15
6612,.15
5399,.15
4187,.15
2975,.15
1763,.15
570,.15
906,.15
1242,.15
1578,.15
1915,.15
2251,.15
2587,.15
2924,.15
3260,.15
3596,.15
3933,.15
4269,.15
4605,.15
4941,.15
5278,.15
5614,.15
5950,.15
6287,.15
6623,.15
6959,.15
7292,.15
6955,.15
6619,.15
6283,.15
5947,.15
5610,.15
5274,.15
4938,.15
4601,.15
4265,.15
3929,.15
3592,.15
3256,.15
2920,.15
2584,.15
2247,.15
1911,.15
1575,.15
1238,.15
902,.15
570,.15
832,.15
1094,.15
1356,.15
1618,.15
1881,.15
2143,.15
2405,.15
2667,.15
2929,.15
3192,.15
3454,.15
3716,.15
3978,.15
4240,.15
4503,.15
4765,.15
5027,.15
5289,.15
5551,.15
5814,.15
5833,.15
5570,.15
5308,.15
5046,.15
4784,.15
4522,.15
4259,.15
3997,.15
3735,.15
3473,.15
3211,.15
2948,.15
2686,.15
2424,.15
2162,.15
1900,.15
1637,.15
1375,.15
1113,.15
851,.15
589,.15
570,.15
2437,.15
4305,.15
6173,.15
8040,.15
9908,.15
11776,.15
13643,.15
15511,.15
17379,.15
19247,.15
21114,.15
22982,.15
24850,.15
26717,.15
28585,.15
30453,.15
32320,.15
34188,.15
36056,.15
37924,.15
37924,.15
36056,.15
34188,.15
32320,.15
30453,.15
28585,.15
26717,.15
24850,.15
22982,.15
21114,.15
19247,.15
17379,.15
15511,.15
13643,.15
11776,.15
9908,.15
8040,.15
6173,.15
4305,.15
2437,.15
570,.15
570,.15
2291,.15
4012,.15
5734,.15
7455,.15
9177,.15
10898,.15
12619,.15
14341,.15
16062,.15
17784,.15
19505,.15
21226,.15
22948,.15
24669,.15
26391,.15
28112,.15
29833,.15
31555,.15
33276,.15
34998,.15
35005,.15
33284,.15
31562,.15
29841,.15
28120,.15
26398,.15
24677,.15
22955,.15
21234,.15
19513,.15
17791,.15
16070,.15
14348,.15
12627,.15
10906,.15
9184,.15
7463,.15
5741,.15
4020,.15
2299,.15
577,.15
570,.15
1926,.15
3283,.15
4639,.15
5996,.15
7353,.15
8709,.15
10066,.15
11422,.15
12779,.15
14136,.15
15492,.15
16849,.15
18205,.15
19562,.15
20919,.15
22275,.15
23632,.15
24988,.15
26345,.15
27702,.15
27713,.15
26356,.15
25000,.15
23643,.15
22287,.15
20930,.15
19573,.15
18217,.15
16860,.15
15504,.15
14147,.15
12790,.15
11434,.15
10077,.15
8721,.15
7364,.15
6007,.15
4651,.15
3294,.15
1938,.15
581,.15
570,.15
832,.15
1094,.15
1356,.15
1618,.15
1881,.15
2143,.15
2405,.15
2667,.15
2929,.15
3192,.15
3454,.15
3716,.15
3978,.15
4240,.15
4503,.15
4765,.15
5027,.15
5289,.15
5551,.15
5814,.15
5833,.15
5570,.15
5308,.15
5046,.15
4784,.15
4522,.15
4259,.15
3997,.15
3735,.15
3473,.15
3211,.15
2948,.15
2686,.15
2424,.15
2162,.15
1900,.15
1637,.15
1375,.15
1113,.15
851,.15
589,.15
570,.15
2219,.15
3868,.15
5517,.15
7166,.15
8816,.15
10465,.15
12114,.15
13763,.15
15412,.15
17062,.15
18711,.15
20360,.15
22009,.15
23658,.15
25308,.15
26957,.15
28606,.15
30255,.15
31904,.15
33546,.15
31897,.15
30248,.15
28598,.15
26949,.15
25300,.15
23651,.15
22002,.15
20352,.15
18703,.15
17054,.15
15405,.15
13756,.15
12106,.15
10457,.15
8808,.15
7159,.15
5510,.15
3860,.15
2211,.15
570,.15
2219,.15
3868,.15
5517,.15
7166,.15
8816,.15
10465,.15
12114,.15
13763,.15
15412,.15
17062,.15
18711,.15
20360,.15
22009,.15
23658,.15
25308,.15
26957,.15
28606,.15
30255,.15
31904,.15
33546,.15
31897,.15
30248,.15
28598,.15
26949,.15
25300,.15
23651,.15
22002,.15
20352,.15
18703,.15
17054,.15
15405,.15
13756,.15
12106,.15
10457,.15
8808,.15
7159,.15
5510,.15
3860,.15
2211,.15
570,.15
1926,.15
3283,.15
4639,.15
5996,.15
7353,.15
8709,.15
10066,.15
11422,.15
12779,.15
14136,.15
15492,.15
16849,.15
18205,.15
19562,.15
20919,.15
22275,.15
23632,.15
24988,.15
26345,.15
27702,.15
27713,.15
26356,.15
25000,.15
23643,.15
22287,.15
20930,.15
19573,.15
18217,.15
16860,.15
15504,.15
14147,.15
12790,.15
11434,.15
10077,.15
8721,.15
7364,.15
6007,.15
4651,.15
3294,.15
1938,.15
581,.15
570,.15
613,.15
657,.15
701,.15
744,.15
788,.15
832,.15
875,.15
919,.15
963,.15
1007,.15
1050,.15
1094,.15
1138,.15
1181,.15
1225,.15
1269,.15
1312,.15
1356,.15
1400,.15
1444,.15
1457,.15
1413,.15
1369,.15
1326,.15
1282,.15
1238,.15
1195,.15
1151,.15
1107,.15
1064,.15
1020,.15
976,.15
932,.15
889,.15
845,.15
801,.15
758,.15
714,.15
670,.15
627,.15
583,.15
570,.15
613,.15
657,.15
701,.15
744,.15
788,.15
832,.15
875,.15
919,.15
963,.15
1007,.15
1050,.15
1094,.15
1138,.15
1181,.15
1225,.15
1269,.15
1312,.15
1356,.15
1400,.15
1444,.15
1457,.15
1413,.15
1369,.15
1326,.15
1282,.15
1238,.15
1195,.15
1151,.15
1107,.15
1064,.15
1020,.15
976,.15
932,.15
889,.15
845,.15
801,.15
758,.15
714,.15
670,.15
627,.15
583,.15
570,.15
2219,.15
3868,.15
5517,.15
7166,.15
8816,.15
10465,.15
12114,.15
13763,.15
15412,.15
17062,.15
18711,.15
20360,.15
22009,.15
23658,.15
25308,.15
26957,.15
28606,.15
30255,.15
31904,.15
33546,.15
31897,.15
30248,.15
28598,.15
26949,.15
25300,.15
23651,.15
22002,.15
20352,.15
18703,.15
17054,.15
15405,.15
13756,.15
12106,.15
10457,.15
8808,.15
7159,.15
5510,.15
3860,.15
2211,.15
570,.15
1926,.15
3283,.15
4639,.15
5996,.15
7353,.15
8709,.15
10066,.15
11422,.15
12779,.15
14136,.15
15492,.15
16849,.15
18205,.15
19562,.15
20919,.15
22275,.15
23632,.15
24988,.15
26345,.15
27702,.15
27713,.15
26356,.15
25000,.15
23643,.15
22287,.15
20930,.15
19573,.15
18217,.15
16860,.15
15504,.15
14147,.15
12790,.15
11434,.15
10077,.15
8721,.15
7364,.15
6007,.15
4651,.15
3294,.15
1938,.15
581,.15
570,.15
2291,.15
4012,.15
5734,.15
7455,.15
9177,.15
10898,.15
12619,.15
14341,.15
16062,.15
17784,.15
19505,.15
21226,.15
22948,.15
24669,.15
26391,.15
28112,.15
29833,.15
31555,.15
33276,.15
34998,.15
35005,.15
33284,.15
31562,.15
29841,.15
28120,.15
26398,.15
24677,.15
22955,.15
21234,.15
19513,.15
17791,.15
16070,.15
14348,.15
12627,.15
10906,.15
9184,.15
7463,.15
5741,.15
4020,.15
2299,.15
577,.15
570,.15
2437,.15
4305,.15
6173,.15
8040,.15
9908,.15
11776,.15
13643,.15
15511,.15
17379,.15
19247,.15
21114,.15
22982,.15
24850,.15
26717,.15
28585,.15
30453,.15
32320,.15
34188,.15
36056,.15
37924,.15
37924,.15
36056,.15
34188,.15
32320,.15
30453,.15
28585,.15
26717,.15
24850,.15
22982,.15
21114,.15
19247,.15
17379,.15
15511,.15
13643,.15
11776,.15
9908,.15
8040,.15
6173,.15
4305,.15
2437,.15
570,.15
570,.15
2437,.15
4305,.15
6173,.15
8040,.15
9908,.15
11776,.15
13643,.15
15511,.15
17379,.15
19247,.15
21114,.15
22982,.15
24850,.15
26717,.15
28585,.15
30453,.15
32320,.15
34188,.15
36056,.15
37924,.15
37924,.15
36056,.15
34188,.15
32320,.15
30453,.15
28585,.15
26717,.15
24850,.15
22982,.15
21114,.15
19247,.15
17379,.15
15511,.15
13643,.15
11776,.15
9908,.15
8040,.15
6173,.15
4305,.15
2437,.15
570,.15
570,.15
1926,.15
3283,.15
4639,.15
5996,.15
7353,.15
8709,.15
10066,.15
11422,.15
12779,.15
14136,.15
15492,.15
16849,.15
18205,.15
19562,.15
20919,.15
22275,.15
23632,.15
24988,.15
26345,.15
27702,.15
27713,.15
26356,.15
25000,.15
23643,.15
22287,.15
20930,.15
19573,.15
18217,.15
16860,.15
15504,.15
14147,.15
12790,.15
11434,.15
10077,.15
8721,.15
7364,.15
6007,.15
4651,.15
3294,.15
1938,.15
581,.15
570,.15
613,.15
657,.15
701,.15
744,.15
788,.15
832,.15
875,.15
919,.15
963,.15
1007,.15
1050,.15
1094,.15
1138,.15
1181,.15
1225,.15
1269,.15
1312,.15
1356,.15
1400,.15
1444,.15
1457,.15
1413,.15
1369,.15
1326,.15
1282,.15
1238,.15
1195,.15
1151,.15
1107,.15
1064,.15
1020,.15
976,.15
932,.15
889,.15
845,.15
801,.15
758,.15
714,.15
670,.15
627,.15
583,.15
570,.15
832,.15
1094,.15
1356,.15
1618,.15
1881,.15
2143,.15
2405,.15
2667,.15
2929,.15
3192,.15
3454,.15
3716,.15
3978,.15
4240,.15
4503,.15
4765,.15
5027,.15
5289,.15
5551,.15
5814,.15
5833,.15
5570,.15
5308,.15
5046,.15
4784,.15
4522,.15
4259,.15
3997,.15
3735,.15
3473,.15
3211,.15
2948,.15
2686,.15
2424,.15
2162,.15
1900,.15
1637,.15
1375,.15
1113,.15
851,.15
589,.15
570,.15
2219,.15
3868,.15
5517,.15
7166,.15
8816,.15
10465,.15
12114,.15
13763,.15
15412,.15
17062,.15
18711,.15
20360,.15
22009,.15
23658,.15
25308,.15
26957,.15
28606,.15
30255,.15
31904,.15
33546,.15
31897,.15
30248,.15
28598,.15
26949,.15
25300,.15
23651,.15
22002,.15
20352,.15
18703,.15
17054,.15
15405,.15
13756,.15
12106,.15
10457,.15
8808,.15
7159,.15
5510,.15
3860,.15
2211,.15
570,.15
2291,.15
4012,.15
5734,.15
7455,.15
9177,.15
10898,.15
12619,.15
14341,.15
16062,.15
17784,.15
19505,.15
21226,.15
22948,.15
24669,.15
26391,.15
28112,.15
29833,.15
31555,.15
33276,.15
34998,.15
35005,.15
33284,.15
31562,.15
29841,.15
28120,.15
26398,.15
24677,.15
22955,.15
21234,.15
19513,.15
17791,.15
16070,.15
14348,.15
12627,.15
10906,.15
9184,.15
7463,.15
5741,.15
4020,.15
2299,.15
577,.15
570,.15
2291,.15
4012,.15
5734,.15
7455,.15
9177,.15
10898,.15
12619,.15
14341,.15
16062,.15
17784,.15
19505,.15
21226,.15
22948,.15
24669,.15
26391,.15
28112,.15
29833,.15
31555,.15
33276,.15
34998,.15
35005,.15
33284,.15
31562,.15
29841,.15
28120,.15
26398,.15
24677,.15
22955,.15
21234,.15
19513,.15
17791,.15
16070,.15
14348,.15
12627,.15
10906,.15
9184,.15
7463,.15
5741,.15
4020,.15
2299,.15
577,.15
570,.15
2291,.15
4012,.15
5734,.15
7455,.15
9177,.15
10898,.15
12619,.15
14341,.15
16062,.15
17784,.15
19505,.15
21226,.15
22948,.15
24669,.15
26391,.15
28112,.15
29833,.15
31555,.15
33276,.15
34998,.15
35005,.15
33284,.15
31562,.15
29841,.15
28120,.15
26398,.15
24677,.15
22955,.15
21234,.15
19513,.15
17791,.15
16070,.15
14348,.15
12627,.15
10906,.15
9184,.15
7463,.15
5741,.15
4020,.15
2299,.15
577,.15
570,.15
2291,.15
4012,.15
5734,.15
7455,.15
9177,.15
10898,.15
12619,.15
14341,.15
16062,.15
17784,.15
19505,.15
21226,.15
22948,.15
24669,.15
26391,.15
28112,.15
29833,.15
31555,.15
33276,.15
34998,.15
35005,.15
33284,.15
31562,.15
29841,.15
28120,.15
26398,.15
24677,.15
22955,.15
21234,.15
19513,.15
17791,.15
16070,.15
14348,.15
12627,.15
10906,.15
9184,.15
7463,.15
5741,.15
4020,.15
2299,.15
577,.15
570,.15
2291,.15
4012,.15
5734,.15
7455,.15
9177,.15
10898,.15
12619,.15
14341,.15
16062,.15
17784,.15
19505,.15
21226,.15
22948,.15
24669,.15
26391,.15
28112,.15
29833,.15
31555,.15
33276,.15
34998,.15
35005,.15
33284,.15
31562,.15
29841,.15
28120,.15
26398,.15
24677,.15
22955,.15
21234,.15
19513,.15
17791,.15
16070,.15
14348,.15
12627,.15
10906,.15
9184,.15
7463,.15
5741,.15
4020,.15
2299,.15
577,.15
570,.15
832,.15
1094,.15
1356,.15
1618,.15
1881,.15
2143,.15
2405,.15
2667,.15
2929,.15
3192,.15
3454,.15
3716,.15
3978,.15
4240,.15
4503,.15
4765,.15
5027,.15
5289,.15
5551,.15
5814,.15
5833,.15
5570,.15
5308,.15
5046,.15
4784,.15
4522,.15
4259,.15
3997,.15
3735,.15
3473,.15
3211,.15
2948,.15
2686,.15
2424,.15
2162,.15
1900,.15
1637,.15
1375,.15
1113,.15
851,.15
589,.15
570,.15
613,.15
657,.15
701,.15
744,.15
788,.15
832,.15
875,.15
919,.15
963,.15
1007,.15
1050,.15
1094,.15
1138,.15
1181,.15
1225,.15
1269,.15
1312,.15
1356,.15
1400,.15
1444,.15
1457,.15
1413,.15
1369,.15
1326,.15
1282,.15
1238,.15
1195,.15
1151,.15
1107,.15
1064,.15
1020,.15
976,.15
932,.15
889,.15
845,.15
801,.15
758,.15
714,.15
670,.15
627,.15
583,.15
570,.15
613,.15
657,.15
701,.15
744,.15
788,.15
832,.15
875,.15
919,.15
963,.15
1007,.15
1050,.15
1094,.15
1138,.15
1181,.15
1225,.15
1269,.15
1312,.15
1356,.15
1400,.15
1444,.15
1457,.15
1413,.15
1369,.15
1326,.15
1282,.15
1238,.15
1195,.15
1151,.15
1107,.15
1064,.15
1020,.15
976,.15
932,.15
889,.15
845,.15
801,.15
758,.15
714,.15
670,.15
627,.15
583,.15
570,.15
1926,.15
3283,.15
4639,.15
5996,.15
7353,.15
8709,.15
10066,.15
11422,.15
12779,.15
14136,.15
15492,.15
16849,.15
18205,.15
19562,.15
20919,.15
22275,.15
23632,.15
24988,.15
26345,.15
27702,.15
27713,.15
26356,.15
25000,.15
23643,.15
22287,.15
20930,.15
19573,.15
18217,.15
16860,.15
15504,.15
14147,.15
12790,.15
11434,.15
10077,.15
8721,.15
7364,.15
6007,.15
4651,.15
3294,.15
1938,.15
581,.15
570,.15
2291,.15
4012,.15
5734,.15
7455,.15
9177,.15
10898,.15
12619,.15
14341,.15
16062,.15
17784,.15
19505,.15
21226,.15
22948,.15
24669,.15
26391,.15
28112,.15
29833,.15
31555,.15
33276,.15
34998,.15
35005,.15
33284,.15
31562,.15
29841,.15
28120,.15
26398,.15
24677,.15
22955,.15
21234,.15
19513,.15
17791,.15
16070,.15
14348,.15
12627,.15
10906,.15
9184,.15
7463,.15
5741,.15
4020,.15
2299,.15
577,.15
570,.15
2291,.15
4012,.15
5734,.15
7455,.15
9177,.15
10898,.15
12619,.15
14341,.15
16062,.15
17784,.15
19505,.15
21226,.15
22948,.15
24669,.15
26391,.15
28112,.15
29833,.15
31555,.15
33276,.15
34998,.15
35005,.15
33284,.15
31562,.15
29841,.15
28120,.15
26398,.15
24677,.15
22955,.15
21234,.15
19513,.15
17791,.15
16070,.15
14348,.15
12627,.15
10906,.15
9184,.15
7463,.15
5741,.15
4020,.15
2299,.15
577,.15
570,.15
1926,.15
3283,.15
4639,.15
5996,.15
7353,.15
8709,.15
10066,.15
11422,.15
12779,.15
14136,.15
15492,.15
16849,.15
18205,.15
19562,.15
20919,.15
22275,.15
23632,.15
24988,.15
26345,.15
27702,.15
27713,.15
26356,.15
25000,.15
23643,.15
22287,.15
20930,.15
19573,.15
18217,.15
16860,.15
15504,.15
14147,.15
12790,.15
11434,.15
10077,.15
8721,.15
7364,.15
6007,.15
4651,.15
3294,.15
1938,.15
581,.15
570,.15
2219,.15
3868,.15
5517,.15
7166,.15
8816,.15
10465,.15
12114,.15
13763,.15
15412,.15
17062,.15
18711,.15
20360,.15
22009,.15
23658,.15
25308,.15
26957,.15
28606,.15
30255,.15
31904,.15
33546,.15
31897,.15
30248,.15
28598,.15
26949,.15
25300,.15
23651,.15
22002,.15
20352,.15
18703,.15
17054,.15
15405,.15
13756,.15
12106,.15
10457,.15
8808,.15
7159,.15
5510,.15
3860,.15
2211,.15
570,.15
2219,.15
3868,.15
5517,.15
7166,.15
8816,.15
10465,.15
12114,.15
13763,.15
15412,.15
17062,.15
18711,.15
20360,.15
22009,.15
23658,.15
25308,.15
26957,.15
28606,.15
30255,.15
31904,.15
33546,.15
31897,.15
30248,.15
28598,.15
26949,.15
25300,.15
23651,.15
22002,.15
20352,.15
18703,.15
17054,.15
15405,.15
13756,.15
12106,.15
10457,.15
8808,.15
7159,.15
5510,.15
3860,.15
2211,.15
570,.15
1926,.15
3283,.15
4639,.15
5996,.15
7353,.15
8709,.15
10066,.15
11422,.15
12779,.15
14136,.15
15492,.15
16849,.15
18205,.15
19562,.15
20919,.15
22275,.15
23632,.15
24988,.15
26345,.15
27702,.15
27713,.15
26356,.15
25000,.15
23643,.15
22287,.15
20930,.15
19573,.15
18217,.15
16860,.15
15504,.15
14147,.15
12790,.15
11434,.15
10077,.15
8721,.15
7364,.15
6007,.15
4651,.15
3294,.15
1938,.15
581,.15
570,3
570,3
570,3
570,3
570,3
570,3
570,3
570,3
570,3
570,3
570,3
570,3
570,3
570,3
570,3
570,3
570,3
570,3
570,3
570,3
570,3
570,3
570,3
570,3
570,3
570,3
570,3
570,3
570,3
570,3
570,3
570,3
570,3
570,3
570,3
570,3
570,3
570,3
570,3
570,3
570,3
570,3
570,3
570,3
570,3
570,3
570,3
570,3
570,3
570,3
570,3
570,3
570,3
570,3
570,3
570,3
570,3
570,3
570,1.5
380,1.5
570,1.5
380,1.5
570,1.5
380,1.5
570,1.5
380,1.5
570,3
570,3
570,3
570,3
570,.15
1926,.15
3283,.15
4639,.15
5996,.15
7353,.15
8709,.15
10066,.15
11422,.15
12779,.15
14136,.15
15492,.15
16849,.15
18205,.15
19562,.15
20919,.15
22275,.15
23632,.15
24988,.15
26345,.15
27702,.15
27713,.15
26356,.15
25000,.15
23643,.15
22287,.15
20930,.15
19573,.15
18217,.15
16860,.15
15504,.15
14147,.15
12790,.15
11434,.15
10077,.15
8721,.15
7364,.15
6007,.15
4651,.15
3294,.15
1938,.15
581,.15
570,3
570,3
570,3
570,3
570,3
570,3
570,3
570,3
570,3
570,3
570,3
570,3
570,3
570,.15
1417,.15
2264,.15
3112,.15
3959,.15
4807,.15
5654,.15
6501,.15
7349,.15
8196,.15
9044,.15
9891,.15
10738,.15
11586,.15
12433,.15
13281,.15
14128,.15
14975,.15
15823,.15
16670,.15
17502,.15
16655,.15
15808,.15
14960,.15
14113,.15
13265,.15
12418,.15
11571,.15
10723,.15
9876,.15
9028,.15
8181,.15
7334,.15
6486,.15
5639,.15
4791,.15
3944,.15
3097,.15
2249,.15
1402,.15
570,.15
1343,.15
2116,.15
2889,.15
3663,.15
4436,.15
5209,.15
5983,.15
6756,.15
7529,.15
8303,.15
9076,.15
9849,.15
10622,.15
11396,.15
12169,.15
12942,.15
13716,.15
14489,.15
15262,.15
16036,.15
16043,.15
15270,.15
14497,.15
13723,.15
12950,.15
12177,.15
11403,.15
10630,.15
9857,.15
9083,.15
8310,.15
7537,.15
6764,.15
5990,.15
5217,.15
4444,.15
3670,.15
2897,.15
2124,.15
1350,.15
577,.15
570,.15
1635,.15
2701,.15
3767,.15
4833,.15
5899,.15
6965,.15
8031,.15
9097,.15
10163,.15
11229,.15
12294,.15
13360,.15
14426,.15
15492,.15
16558,.15
17624,.15
18690,.15
19756,.15
20822,.15
21878,.15
20812,.15
19746,.15
18680,.15
17614,.15
16549,.15
15483,.15
14417,.15
13351,.15
12285,.15
11219,.15
10153,.15
9087,.15
8021,.15
6955,.15
5890,.15
4824,.15
3758,.15
2692,.15
1626,.15
570,.15
1197,.15
1824,.15
2451,.15
3078,.15
3705,.15
4332,.15
4959,.15
5586,.15
6213,.15
6840,.15
7467,.15
8094,.15
8721,.15
9348,.15
9975,.15
10602,.15
11229,.15
11856,.15
12483,.15
13110,.15
13127,.15
12500,.15
11873,.15
11246,.15
10619,.15
9992,.15
9365,.15
8738,.15
8111,.15
7484,.15
6857,.15
6230,.15
5603,.15
4976,.15
4349,.15
3722,.15
3095,.15
2468,.15
1841,.15
1214,.15
587,.15
570,.15
1635,.15
2701,.15
3767,.15
4833,.15
5899,.15
6965,.15
8031,.15
9097,.15
10163,.15
11229,.15
12294,.15
13360,.15
14426,.15
15492,.15
16558,.15
17624,.15
18690,.15
19756,.15
20822,.15
21878,.15
20812,.15
19746,.15
18680,.15
17614,.15
16549,.15
15483,.15
14417,.15
13351,.15
12285,.15
11219,.15
10153,.15
9087,.15
8021,.15
6955,.15
5890,.15
4824,.15
3758,.15
2692,.15
1626,.15
570,.15
1708,.15
2846,.15
3984,.15
5122,.15
6260,.15
7398,.15
8536,.15
9674,.15
10812,.15
11951,.15
13089,.15
14227,.15
15365,.15
16503,.15
17641,.15
18779,.15
19917,.15
21055,.15
22193,.15
23332,.15
23337,.15
22199,.15
21061,.15
19923,.15
18785,.15
17647,.15
16509,.15
15371,.15
14232,.15
13094,.15
11956,.15
10818,.15
9680,.15
8542,.15
7404,.15
6266,.15
5128,.15
3990,.15
2851,.15
1713,.15
575,.15
570,3
570,3
570,3
570,3
570,3
570,3
570,3
570,3
570,3
570,3
570,3
570,3
570,3
570,3
570,3
570,3
570,3
570,3
570,3
570,3
570,3
570,3
570,3
570,3
570,3
570,3
570,3
570,3
570,3
570,3
570,3
570,3
570,3
570,3
570,3
570,3
570,3
570,3
570,3
570,3
570,3
570,3
570,3
570,3
570,3
570,3
570,3
570,3
570,3
570,3
570,3
570,3
570,3
570,3
