300,0
300,0
300,0
300,0
300,0
300,0
300,0
300,0
300,0
300,0
300,0
300,0
300,0
300,0
300,0
300,0
300,3
300,3
300,3
300,3
300,3
300,3
300,3
300,3
300,3
300,3
300,3
300,3
300,3
300,3
300,3
300,3
300,3
300,3
300,3
300,3
300,3
300,3
300,3
300,3
300,3
300,3
300,3
300,3
300,3
300,3
300,3
300,3
300,3
300,3
300,3
300,3
300,3
300,3
300,3
300,3
300,3
300,3
300,3
300,3
300,3
300,3
300,.15
438,.15
576,.15
714,.15
852,.15
990,.15
1128,.15
1266,.15
1404,.15
1542,.15
1680,.15
1818,.15
1956,.15
2094,.15
2232,.15
2370,.15
2508,.15
2646,.15
2784,.15
2922,.15
3060,.15
3070,.15
2932,.15
2794,.15
2656,.15
2518,.15
2380,.15
2242,.15
2104,.15
1966,.15
1828,.15
1690,.15
1552,.15
1414,.15
1276,.15
1138,.15
1000,.15
862,.15
724,.15
586,.15
448,.15
310,.15
300,.15
1283,.15
2266,.15
3249,.15
4232,.15
5215,.15
6198,.15
7181,.15
8164,.15
9147,.15
10130,.15
11113,.15
12096,.15
13079,.15
14062,.15
15045,.15
16028,.15
17011,.15
17994,.15
18977,.15
19960,.15
19960,.15
18977,.15
17994,.15
17011,.15
16028,.15
15045,.15
14062,.15
13079,.15
12096,.15
11113,.15
10130,.15
9147,.15
8164,.15
7181,.15
6198,.15
5215,.15
4232,.15
3249,.15
2266,.15
1283,.15
300,.15
300,.15
323,.15
346,.15
369,.15
392,.15
415,.15
438,.15
461,.15
484,.15
507,.15
530,.15
553,.15
576,.15
599,.15
622,.15
645,.15
668,.15
691,.15
714,.15
737,.15
760,.15
767,.15
744,.15
721,.15
698,.15
675,.15
652,.15
629,.15
606,.15
583,.15
560,.15
537,.15
514,.15
491,.15
468,.15
445,.15
422,.15
399,.15
376,.15
353,.15
330,.15
307,.15
300,3
300,.15
477,.15
654,.15
831,.15
1008,.15
1185,.15
1362,.15
1539,.15
1716,.15
1893,.15
2070,.15
2247,.15
2424,.15
2601,.15
2778,.15
2955,.15
3132,.15
3309,.15
3486,.15
3663,.15
3838,.15
3661,.15
3484,.15
3307,.15
3130,.15
2953,.15
2776,.15
2599,.15
2422,.15
2245,.15
2068,.15
1891,.15
1714,.15
1537,.15
1360,.15
1183,.15
1006,.15
829,.15
652,.15
475,.15
300,.15
1168,.15
2036,.15
2904,.15
3772,.15
4640,.15
5508,.15
6376,.15
7244,.15
8112,.15
8980,.15
9848,.15
10716,.15
11584,.15
12452,.15
13320,.15
14188,.15
15056,.15
15924,.15
16792,.15
17656,.15
16788,.15
15920,.15
15052,.15
14184,.15
13316,.15
12448,.15
11580,.15
10712,.15
9844,.15
8976,.15
8108,.15
7240,.15
6372,.15
5504,.15
4636,.15
3768,.15
2900,.15
2032,.15
1164,.15
300,.15
1168,.15
2036,.15
2904,.15
3772,.15
4640,.15
5508,.15
6376,.15
7244,.15
8112,.15
8980,.15
9848,.15
10716,.15
11584,.15
12452,.15
13320,.15
14188,.15
15056,.15
15924,.15
16792,.15
17656,.15
16788,.15
15920,.15
15052,.15
14184,.15
13316,.15
12448,.15
11580,.15
10712,.15
9844,.15
8976,.15
8108,.15
7240,.15
6372,.15
5504,.15
4636,.15
3768,.15
2900,.15
2032,.15
1164,.15
300,3
300,3
300,3
300,3
300,3
300,3
300,3
300,3
300,3
300,3
300,3
300,3
300,3
300,3
300,3
300,3
300,3
300,3
300,.15
323,.15
346,.15
369,.15
392,.15
415,.15
438,.15
461,.15
484,.15
507,.15
530,.15
553,.15
576,.15
599,.15
622,.15
645,.15
668,.15
691,.15
714,.15
737,.15
760,.15
767,.15
744,.15
721,.15
698,.15
675,.15
652,.15
629,.15
606,.15
583,.15
560,.15
537,.15
514,.15
491,.15
468,.15
445,.15
422,.15
399,.15
376,.15
353,.15
330,.15
307,.15
300,3
300,3
300,3
300,3
300,3
300,3
300,3
300,3
300,3
300,3
300,3
300,3
300,3
300,3
300,3
300,3
300,3
300,3
300,3
300,3
300,3
300,3
300,3
300,3
300,3
300,3
300,3
300,3
300,3
300,3
300,3
300,3
300,3
300,3
300,3
300,3
300,3
300,3
300,3
300,3
300,3
300,3
300,3
300,3
300,3
300,3
300,3
300,3
300,3
300,3
300,3
300,3
300,3
300,3
300,3
300,3
300,3
300,3
300,3
300,.15
1014,.15
1728,.15
2442,.15
3156,.15
3870,.15
4584,.15
5298,.15
6012,.15
6726,.15
7440,.15
8154,.15
8868,.15
9582,.15
10296,.15
11010,.15
11724,.15
12438,.15
13152,.15
13866,.15
14580,.15
14586,.15
13872,.15
13158,.15
12444,.15
11730,.15
11016,.15
10302,.15
9588,.15
8874,.15
8160,.15
7446,.15
6732,.15
6018,.15
5304,.15
4590,.15
3876,.15
3162,.15
2448,.15
1734,.15
1020,.15
306,.15
300,.15
438,.15
576,.15
714,.15
852,.15
990,.15
1128,.15
1266,.15
1404,.15
1542,.15
1680,.15
1818,.15
1956,.15
2094,.15
2232,.15
2370,.15
2508,.15
2646,.15
2784,.15
2922,.15
3060,.15
3070,.15
2932,.15
2794,.15
2656,.15
2518,.15
2380,.15
2242,.15
2104,.15
1966,.15
1828,.15
1690,.15
1552,.15
1414,.15
1276,.15
1138,.15
1000,.15
862,.15
724,.15
586,.15
448,.15
310,.15
300,.15
323,.15
346,.15
369,.15
392,.15
415,.15
438,.15
461,.15
484,.15
507,.15
530,.15
553,.15
576,.15
599,.15
622,.15
645,.15
668,.15
691,.15
714,.15
737,.15
760,.15
767,.15
744,.15
721,.15
698,.15
675,.15
652,.15
629,.15
606,.15
583,.15
560,.15
537,.15
514,.15
491,.15
468,.15
445,.15
422,.15
399,.15
376,.15
353,.15
330,.15
307,.15
300,.15
938,.15
1576,.15
2214,.15
2852,.15
3490,.15
4128,.15
4766,.15
5404,.15
6042,.15
6680,.15
7318,.15
7956,.15
8594,.15
9232,.15
9870,.15
10508,.15
11146,.15
11784,.15
12422,.15
13050,.15
12412,.15
11774,.15
11136,.15
10498,.15
9860,.15
9222,.15
8584,.15
7946,.15
7308,.15
6670,.15
6032,.15
5394,.15
4756,.15
4118,.15
3480,.15
2842,.15
2204,.15
1566,.15
928,.15
300,.15
1168,.15
2036,.15
2904,.15
3772,.15
4640,.15
5508,.15
6376,.15
7244,.15
8112,.15
8980,.15
9848,.15
10716,.15
11584,.15
12452,.15
13320,.15
14188,.15
15056,.15
15924,.15
16792,.15
17656,.15
16788,.15
15920,.15
15052,.15
14184,.15
13316,.15
12448,.15
11580,.15
10712,.15
9844,.15
8976,.15
8108,.15
7240,.15
6372,.15
5504,.15
4636,.15
3768,.15
2900,.15
2032,.15
1164,.15
300,.15
1168,.15
2036,.15
2904,.15
3772,.15
4640,.15
5508,.15
6376,.15
7244,.15
8112,.15
8980,.15
9848,.15
10716,.15
11584,.15
12452,.15
13320,.15
14188,.15
15056,.15
15924,.15
16792,.15
17656,.15
16788,.15
15920,.15
15052,.15
14184,.15
13316,.15
12448,.15
11580,.15
10712,.15
9844,.15
8976,.15
8108,.15
7240,.15
6372,.15
5504,.15
4636,.15
3768,.15
2900,.15
2032,.15
1164,.15
300,.15
477,.15
654,.15
831,.15
1008,.15
1185,.15
1362,.15
1539,.15
1716,.15
1893,.15
2070,.15
2247,.15
2424,.15
2601,.15
2778,.15
2955,.15
3132,.15
3309,.15
3486,.15
3663,.15
3838,.15
3661,.15
3484,.15
3307,.15
3130,.15
2953,.15
2776,.15
2599,.15
2422,.15
2245,.15
2068,.15
1891,.15
1714,.15
1537,.15
1360,.15
1183,.15
1006,.15
829,.15
652,.15
475,.15
300,.15
938,.15
1576,.15
2214,.15
2852,.15
3490,.15
4128,.15
4766,.15
5404,.15
6042,.15
6680,.15
7318,.15
7956,.15
8594,.15
9232,.15
9870,.15
10508,.15
11146,.15
11784,.15
12422,.15
13050,.15
12412,.15
11774,.15
11136,.15
10498,.15
9860,.15
9222,.15
8584,.15
7946,.15
7308,.15
6670,.15
6032,.15
5394,.15
4756,.15
4118,.15
3480,.15
2842,.15
2204,.15
1566,.15
928,.15
300,.15
1168,.15
2036,.15
2904,.15
3772,.15
4640,.15
5508,.15
6376,.15
7244,.15
8112,.15
8980,.15
9848,.15
10716,.15
11584,.15
12452,.15
13320,.15
14188,.15
15056,.15
15924,.15
16792,.15
17656,.15
16788,.15
15920,.15
15052,.15
14184,.15
13316,.15
12448,.15
11580,.15
10712,.15
9844,.15
8976,.15
8108,.15
7240,.15
6372,.15
5504,.15
4636,.15
3768,.15
2900,.15
2032,.15
1164,.15
300,.15
1168,.15
2036,.15
2904,.15
3772,.15
4640,.15
5508,.15
6376,.15
7244,.15
8112,.15
8980,.15
9848,.15
10716,.15
11584,.15
12452,.15
13320,.15
14188,.15
15056,.15
15924,.15
16792,.15
17656,.15
16788,.15
15920,.15
15052,.15
14184,.15
13316,.15
12448,.15
11580,.15
10712,.15
9844,.15
8976,.15
8108,.15
7240,.15
6372,.15
5504,.15
4636,.15
3768,.15
2900,.15
2032,.15
1164,.15
300,.15
1168,.15
2036,.15
2904,.15
3772,.15
4640,.15
5508,.15
6376,.15
7244,.15
8112,.15
8980,.15
9848,.15
10716,.15
11584,.15
12452,.15
13320,.15
14188,.15
15056,.15
15924,.15
16792,.15
17656,.15
16788,.15
15920,.15
15052,.15
14184,.15
13316,.15
12448,.15
11580,.15
10712,.15
9844,.15
8976,.15
8108,.15
7240,.15
6372,.15
5504,.15
4636,.15
3768,.15
2900,.15
2032,.15
1164,.15
300,.15
1168,.15
2036,.15
2904,.15
3772,.15
4640,.15
5508,.15
6376,.15
7244,.15
8112,.15
8980,.15
9848,.15
10716,.15
11584,.15
12452,.15
13320,.15
14188,.15
15056,.15
15924,.15
16792,.15
17656,.15
16788,.15
15920,.15
15052,.15
14184,.15
13316,.15
12448,.15
11580,.15
10712,.15
9844,.15
8976,.15
8108,.15
7240,.15
6372,.15
5504,.15
4636,.15
3768,.15
2900,.15
2032,.15
1164,.15
300,.15
1168,.15
2036,.15
2904,.15
3772,.15
4640,.15
5508,.15
6376,.15
7244,.15
8112,.15
8980,.15
9848,.15
10716,.15
11584,.15
12452,.15
13320,.15
14188,.15
15056,.15
15924,.15
16792,.15
17656,.15
16788,.15
15920,.15
15052,.15
14184,.15
13316,.15
12448,.15
11580,.15
10712,.15
9844,.15
8976,.15
8108,.15
7240,.15
6372,.15
5504,.15
4636,.15
3768,.15
2900,.15
2032,.15
1164,.15
300,.15
1168,.15
2036,.15
2904,.15
3772,.15
4640,.15
5508,.15
6376,.15
7244,.15
8112,.15
8980,.15
9848,.15
10716,.15
11584,.15
12452,.15
13320,.15
14188,.15
15056,.15
15924,.15
16792,.15
17656,.15
16788,.15
15920,.15
15052,.15
14184,.15
13316,.15
12448,.15
11580,.15
10712,.15
9844,.15
8976,.15
8108,.15
7240,.15
6372,.15
5504,.15
4636,.15
3768,.15
2900,.15
2032,.15
1164,.15
300,.15
1168,.15
2036,.15
2904,.15
3772,.15
4640,.15
5508,.15
6376,.15
7244,.15
8112,.15
8980,.15
9848,.15
10716,.15
11584,.15
12452,.15
13320,.15
14188,.15
15056,.15
15924,.15
16792,.15
17656,.15
16788,.15
15920,.15
15052,.15
14184,.15
13316,.15
12448,.15
11580,.15
10712,.15
9844,.15
8976,.15
8108,.15
7240,.15
6372,.15
5504,.15
4636,.15
3768,.15
2900,.15
2032,.15
1164,.15
300,.15
1168,.15
2036,.15
2904,.15
3772,.15
4640,.15
5508,.15
6376,.15
7244,.15
8112,.15
8980,.15
9848,.15
10716,.15
11584,.15
12452,.15
13320,.15
14188,.15
15056,.15
15924,.15
16792,.15
17656,.15
16788,.15
15920,.15
15052,.15
14184,.15
13316,.15
12448,.15
11580,.15
10712,.15
9844,.15
8976,.15
8108,.15
7240,.15
6372,.15
5504,.15
4636,.15
3768,.15
2900,.15
2032,.15
1164,.15
300,.15
477,.15
654,.15
831,.15
1008,.15
1185,.15
1362,.15
1539,.15
1716,.15
1893,.15
2070,.15
2247,.15
2424,.15
2601,.15
2778,.15
2955,.15
3132,.15
3309,.15
3486,.15
3663,.15
3838,.15
3661,.15
3484,.15
3307,.15
3130,.15
2953,.15
2776,.15
2599,.15
2422,.15
2245,.15
2068,.15
1891,.15
1714,.15
1537,.15
1360,.15
1183,.15
1006,.15
829,.15
652,.15
475,.15
300,.15
477,.15
654,.15
831,.15
1008,.15
1185,.15
1362,.15
1539,.15
1716,.15
1893,.15
2070,.15
2247,.15
2424,.15
2601,.15
2778,.15
2955,.15
3132,.15
3309,.15
3486,.15
3663,.15
3838,.15
3661,.15
3484,.15
3307,.15
3130,.15
2953,.15
2776,.15
2599,.15
2422,.15
2245,.15
2068,.15
1891,.15
1714,.15
1537,.15
1360,.15
1183,.15
1006,.15
829,.15
652,.15
475,.15
300,.15
477,.15
654,.15
831,.15
1008,.15
1185,.15
1362,.15
1539,.15
1716,.15
1893,.15
2070,.15
2247,.15
2424,.15
2601,.15
2778,.15
2955,.15
3132,.15
3309,.15
3486,.15
3663,.15
3838,.15
3661,.15
3484,.15
3307,.15
3130,.15
2953,.15
2776,.15
2599,.15
2422,.15
2245,.15
2068,.15
1891,.15
1714,.15
1537,.15
1360,.15
1183,.15
1006,.15
829,.15
652,.15
475,.15
300,.15
477,.15
654,.15
831,.15
1008,.15
1185,.15
1362,.15
1539,.15
1716,.15
1893,.15
2070,.15
2247,.15
2424,.15
2601,.15
2778,.15
2955,.15
3132,.15
3309,.15
3486,.15
3663,.15
3838,.15
3661,.15
3484,.15
3307,.15
3130,.15
2953,.15
2776,.15
2599,.15
2422,.15
2245,.15
2068,.15
1891,.15
1714,.15
1537,.15
1360,.15
1183,.15
1006,.15
829,.15
652,.15
475,.15
300,.15
938,.15
1576,.15
2214,.15
2852,.15
3490,.15
4128,.15
4766,.15
5404,.15
6042,.15
6680,.15
7318,.15
7956,.15
8594,.15
9232,.15
9870,.15
10508,.15
11146,.15
11784,.15
12422,.15
13050,.15
12412,.15
11774,.15
11136,.15
10498,.15
9860,.15
9222,.15
8584,.15
7946,.15
7308,.15
6670,.15
6032,.15
5394,.15
4756,.15
4118,.15
3480,.15
2842,.15
2204,.15
1566,.15
928,.15
300,.15
938,.15
1576,.15
2214,.15
2852,.15
3490,.15
4128,.15
4766,.15
5404,.15
6042,.15
6680,.15
7318,.15
7956,.15
8594,.15
9232,.15
9870,.15
10508,.15
11146,.15
11784,.15
12422,.15
13050,.15
12412,.15
11774,.15
11136,.15
10498,.15
9860,.15
9222,.15
8584,.15
7946,.15
7308,.15
6670,.15
6032,.15
5394,.15
4756,.15
4118,.15
3480,.15
2842,.15
2204,.15
1566,.15
928,.15
300,.15
938,.15
1576,.15
2214,.15
2852,.15
3490,.15
4128,.15
4766,.15
5404,.15
6042,.15
6680,.15
7318,.15
7956,.15
8594,.15
9232,.15
9870,.15
10508,.15
11146,.15
11784,.15
12422,.15
13050,.15
12412,.15
11774,.15
11136,.15
10498,.15
9860,.15
9222,.15
8584,.15
7946,.15
7308,.15
6670,.15
6032,.15
5394,.15
4756,.15
4118,.15
3480,.15
2842,.15
2204,.15
1566,.15
928,.15
300,.15
938,.15
1576,.15
2214,.15
2852,.15
3490,.15
4128,.15
4766,.15
5404,.15
6042,.15
6680,.15
7318,.15
7956,.15
8594,.15
9232,.15
9870,.15
10508,.15
11146,.15
11784,.15
12422,.15
13050,.15
12412,.15
11774,.15
11136,.15
10498,.15
9860,.15
9222,.15
8584,.15
7946,.15
7308,.15
6670,.15
6032,.15
5394,.15
4756,.15
4118,.15
3480,.15
2842,.15
2204,.15
1566,.15
928,.15
300,.15
938,.15
1576,.15
2214,.15
2852,.15
3490,.15
4128,.15
4766,.15
5404,.15
6042,.15
6680,.15
7318,.15
7956,.15
8594,.15
9232,.15
9870,.15
10508,.15
11146,.15
11784,.15
12422,.15
13050,.15
12412,.15
11774,.15
11136,.15
10498,.15
9860,.15
9222,.15
8584,.15
7946,.15
7308,.15
6670,.15
6032,.15
5394,.15
4756,.15
4118,.15
3480,.15
2842,.15
2204,.15
1566,.15
928,.15
300,.15
938,.15
1576,.15
2214,.15
2852,.15
3490,.15
4128,.15
4766,.15
5404,.15
6042,.15
6680,.15
7318,.15
7956,.15
8594,.15
9232,.15
9870,.15
10508,.15
11146,.15
11784,.15
12422,.15
13050,.15
12412,.15
11774,.15
11136,.15
10498,.15
9860,.15
9222,.15
8584,.15
7946,.15
7308,.15
6670,.15
6032,.15
5394,.15
4756,.15
4118,.15
3480,.15
2842,.15
2204,.15
1566,.15
928,.15
300,.15
1168,.15
2036,.15
2904,.15
3772,.15
4640,.15
5508,.15
6376,.15
7244,.15
8112,.15
8980,.15
9848,.15
10716,.15
11584,.15
12452,.15
13320,.15
14188,.15
15056,.15
15924,.15
16792,.15
17656,.15
16788,.15
15920,.15
15052,.15
14184,.15
13316,.15
12448,.15
11580,.15
10712,.15
9844,.15
8976,.15
8108,.15
7240,.15
6372,.15
5504,.15
4636,.15
3768,.15
2900,.15
2032,.15
1164,.15
300,.15
477,.15
654,.15
831,.15
1008,.15
1185,.15
1362,.15
1539,.15
1716,.15
1893,.15
2070,.15
2247,.15
2424,.15
2601,.15
2778,.15
2955,.15
3132,.15
3309,.15
3486,.15
3663,.15
3838,.15
3661,.15
3484,.15
3307,.15
3130,.15
2953,.15
2776,.15
2599,.15
2422,.15
2245,.15
2068,.15
1891,.15
1714,.15
1537,.15
1360,.15
1183,.15
1006,.15
829,.15
652,.15
475,.15
300,.15
1014,.15
1728,.15
2442,.15
3156,.15
3870,.15
4584,.15
5298,.15
6012,.15
6726,.15
7440,.15
8154,.15
8868,.15
9582,.15
10296,.15
11010,.15
11724,.15
12438,.15
13152,.15
13866,.15
14580,.15
14586,.15
13872,.15
13158,.15
12444,.15
11730,.15
11016,.15
10302,.15
9588,.15
8874,.15
8160,.15
7446,.15
6732,.15
6018,.15
5304,.15
4590,.15
3876,.15
3162,.15
2448,.15
1734,.15
1020,.15
306,.15
300,.15
323,.15
346,.15
369,.15
392,.15
415,.15
438,.15
461,.15
484,.15
507,.15
530,.15
553,.15
576,.15
599,.15
622,.15
645,.15
668,.15
691,.15
714,.15
737,.15
760,.15
767,.15
744,.15
721,.15
698,.15
675,.15
652,.15
629,.15
606,.15
583,.15
560,.15
537,.15
514,.15
491,.15
468,.15
445,.15
422,.15
399,.15
376,.15
353,.15
330,.15
307,.15
300,.15
1014,.15
1728,.15
2442,.15
3156,.15
3870,.15
4584,.15
5298,.15
6012,.15
6726,.15
7440,.15
8154,.15
8868,.15
9582,.15
10296,.15
11010,.15
11724,.15
12438,.15
13152,.15
13866,.15
14580,.15
14586,.15
13872,.15
13158,.15
12444,.15
11730,.15
11016,.15
10302,.15
9588,.15
8874,.15
8160,.15
7446,.15
6732,.15
6018,.15
5304,.15
4590,.15
3876,.15
3162,.15
2448,.15
1734,.15
1020,.15
306,.15
300,.15
438,.15
576,.15
714,.15
852,.15
990,.15
1128,.15
1266,.15
1404,.15
1542,.15
1680,.15
1818,.15
1956,.15
2094,.15
2232,.15
2370,.15
2508,.15
2646,.15
2784,.15
2922,.15
3060,.15
3070,.15
2932,.15
2794,.15
2656,.15
2518,.15
2380,.15
2242,.15
2104,.15
1966,.15
1828,.15
1690,.15
1552,.15
1414,.15
1276,.15
1138,.15
1000,.15
862,.15
724,.15
586,.15
448,.15
310,.15
300,.15
938,.15
1576,.15
2214,.15
2852,.15
3490,.15
4128,.15
4766,.15
5404,.15
6042,.15
6680,.15
7318,.15
7956,.15
8594,.15
9232,.15
9870,.15
10508,.15
11146,.15
11784,.15
12422,.15
13050,.15
12412,.15
11774,.15
11136,.15
10498,.15
9860,.15
9222,.15
8584,.15
7946,.15
7308,.15
6670,.15
6032,.15
5394,.15
4756,.15
4118,.15
3480,.15
2842,.15
2204,.15
1566,.15
928,.15
300,.15
477,.15
654,.15
831,.15
1008,.15
1185,.15
1362,.15
1539,.15
1716,.15
1893,.15
2070,.15
2247,.15
2424,.15
2601,.15
2778,.15
2955,.15
3132,.15
3309,.15
3486,.15
3663,.15
3838,.15
3661,.15
3484,.15
3307,.15
3130,.15
2953,.15
2776,.15
2599,.15
2422,.15
2245,.15
2068,.15
1891,.15
1714,.15
1537,.15
1360,.15
1183,.15
1006,.15
829,.15
652,.15
475,.15
300,.15
438,.15
576,.15
714,.15
852,.15
990,.15
1128,.15
1266,.15
1404,.15
1542,.15
1680,.15
1818,.15
1956,.15
2094,.15
2232,.15
2370,.15
2508,.15
2646,.15
2784,.15
2922,.15
3060,.15
3070,.15
2932,.15
2794,.15
2656,.15
2518,.15
2380,.15
2242,.15
2104,.15
1966,.15
1828,.15
1690,.15
1552,.15
1414,.15
1276,.15
1138,.15
1000,.15
862,.15
724,.15
586,.15
448,.15
310,.15
300,.15
1283,.15
2266,.15
3249,.15
4232,.15
5215,.15
6198,.15
7181,.15
8164,.15
9147,.15
10130,.15
11113,.15
12096,.15
13079,.15
14062,.15
15045,.15
16028,.15
17011,.15
17994,.15
18977,.15
19960,.15
19960,.15
18977,.15
17994,.15
17011,.15
16028,.15
15045,.15
14062,.15
13079,.15
12096,.15
11113,.15
10130,.15
9147,.15
8164,.15
7181,.15
6198,.15
5215,.15
4232,.15
3249,.15
2266,.15
1283,.15
300,.15
300,.15
1206,.15
2112,.15
3018,.15
3924,.15
4830,.15
5736,.15
6642,.15
7548,.15
8454,.15
9360,.15
10266,.15
11172,.15
12078,.15
12984,.15
13890,.15
14796,.15
15702,.15
16608,.15
17514,.15
18420,.15
18424,.15
17518,.15
16612,.15
15706,.15
14800,.15
13894,.15
12988,.15
12082,.15
11176,.15
10270,.15
9364,.15
8458,.15
7552,.15
6646,.15
5740,.15
4834,.15
3928,.15
3022,.15
2116,.15
1210,.15
304,.15
300,.15
1014,.15
1728,.15
2442,.15
3156,.15
3870,.15
4584,.15
5298,.15
6012,.15
6726,.15
7440,.15
8154,.15
8868,.15
9582,.15
10296,.15
11010,.15
11724,.15
12438,.15
13152,.15
13866,.15
14580,.15
14586,.15
13872,.15
13158,.15
12444,.15
11730,.15
11016,.15
10302,.15
9588,.15
8874,.15
8160,.15
7446,.15
6732,.15
6018,.15
5304,.15
4590,.15
3876,.15
3162,.15
2448,.15
1734,.15
1020,.15
306,.15
300,.15
438,.15
576,.15
714,.15
852,.15
990,.15
1128,.15
1266,.15
1404,.15
1542,.15
1680,.15
1818,.15
1956,.15
2094,.15
2232,.15
2370,.15
2508,.15
2646,.15
2784,.15
2922,.15
3060,.15
3070,.15
2932,.15
2794,.15
2656,.15
2518,.15
2380,.15
2242,.15
2104,.15
1966,.15
1828,.15
1690,.15
1552,.15
1414,.15
1276,.15
1138,.15
1000,.15
862,.15
724,.15
586,.15
448,.15
310,.15
300,.15
1168,.15
2036,.15
2904,.15
3772,.15
4640,.15
5508,.15
6376,.15
7244,.15
8112,.15
8980,.15
9848,.15
10716,.15
11584,.15
12452,.15
13320,.15
14188,.15
15056,.15
15924,.15
16792,.15
17656,.15
16788,.15
15920,.15
15052,.15
14184,.15
13316,.15
12448,.15
11580,.15
10712,.15
9844,.15
8976,.15
8108,.15
7240,.15
6372,.15
5504,.15
4636,.15
3768,.15
2900,.15
2032,.15
1164,.15
300,.15
1168,.15
2036,.15
2904,.15
3772,.15
4640,.15
5508,.15
6376,.15
7244,.15
8112,.15
8980,.15
9848,.15
10716,.15
11584,.15
12452,.15
13320,.15
14188,.15
15056,.15
15924,.15
16792,.15
17656,.15
16788,.15
15920,.15
15052,.15
14184,.15
13316,.15
12448,.15
11580,.15
10712,.15
9844,.15
8976,.15
8108,.15
7240,.15
6372,.15
5504,.15
4636,.15
3768,.15
2900,.15
2032,.15
1164,.15
300,.15
1014,.15
1728,.15
2442,.15
3156,.15
3870,.15
4584,.15
5298,.15
6012,.15
6726,.15
7440,.15
8154,.15
8868,.15
9582,.15
10296,.15
11010,.15
11724,.15
12438,.15
13152,.15
13866,.15
14580,.15
14586,.15
13872,.15
13158,.15
12444,.15
11730,.15
11016,.15
10302,.15
9588,.15
8874,.15
8160,.15
7446,.15
6732,.15
6018,.15
5304,.15
4590,.15
3876,.15
3162,.15
2448,.15
1734,.15
1020,.15
306,.15
300,.15
323,.15
346,.15
369,.15
392,.15
415,.15
438,.15
461,.15
484,.15
507,.15
530,.15
553,.15
576,.15
599,.15
622,.15
645,.15
668,.15
691,.15
714,.15
737,.15
760,.15
767,.15
744,.15
721,.15
698,.15
675,.15
652,.15
629,.15
606,.15
583,.15
560,.15
537,.15
514,.15
491,.15
468,.15
445,.15
422,.15
399,.15
376,.15
353,.15
330,.15
307,.15
300,.15
323,.15
346,.15
369,.15
392,.15
415,.15
438,.15
461,.15
484,.15
507,.15
530,.15
553,.15
576,.15
599,.15
622,.15
645,.15
668,.15
691,.15
714,.15
737,.15
760,.15
767,.15
744,.15
721,.15
698,.15
675,.15
652,.15
629,.15
606,.15
583,.15
560,.15
537,.15
514,.15
491,.15
468,.15
445,.15
422,.15
399,.15
376,.15
353,.15
330,.15
307,.15
300,.15
1168,.15
2036,.15
2904,.15
3772,.15
4640,.15
5508,.15
6376,.15
7244,.15
8112,.15
8980,.15
9848,.15
10716,.15
11584,.15
12452,.15
13320,.15
14188,.15
15056,.15
15924,.15
16792,.15
17656,.15
16788,.15
15920,.15
15052,.15
14184,.15
13316,.15
12448,.15
11580,.15
10712,.15
9844,.15
8976,.15
8108,.15
7240,.15
6372,.15
5504,.15
4636,.15
3768,.15
2900,.15
2032,.15
1164,.15
300,.15
1014,.15
1728,.15
2442,.15
3156,.15
3870,.15
4584,.15
5298,.15
6012,.15
6726,.15
7440,.15
8154,.15
8868,.15
9582,.15
10296,.15
11010,.15
11724,.15
12438,.15
13152,.15
13866,.15
14580,.15
14586,.15
13872,.15
13158,.15
12444,.15
11730,.15
11016,.15
10302,.15
9588,.15
8874,.15
8160,.15
7446,.15
6732,.15
6018,.15
5304,.15
4590,.15
3876,.15
3162,.15
2448,.15
1734,.15
1020,.15
306,.15
300,.15
1206,.15
2112,.15
3018,.15
3924,.15
4830,.15
5736,.15
6642,.15
7548,.15
8454,.15
9360,.15
10266,.15
11172,.15
12078,.15
12984,.15
13890,.15
14796,.15
15702,.15
16608,.15
17514,.15
18420,.15
18424,.15
17518,.15
16612,.15
15706,.15
14800,.15
13894,.15
12988,.15
12082,.15
11176,.15
10270,.15
9364,.15
8458,.15
7552,.15
6646,.15
5740,.15
4834,.15
3928,.15
3022,.15
2116,.15
1210,.15
304,.15
300,.15
1283,.15
2266,.15
3249,.15
4232,.15
5215,.15
6198,.15
7181,.15
8164,.15
9147,.15
10130,.15
11113,.15
12096,.15
13079,.15
14062,.15
15045,.15
16028,.15
17011,.15
17994,.15
18977,.15
19960,.15
19960,.15
18977,.15
17994,.15
17011,.15
16028,.15
15045,.15
14062,.15
13079,.15
12096,.15
11113,.15
10130,.15
9147,.15
8164,.15
7181,.15
6198,.15
5215,.15
4232,.15
3249,.15
2266,.15
1283,.15
300,.15
300,.15
1283,.15
2266,.15
3249,.15
4232,.15
5215,.15
6198,.15
7181,.15
8164,.15
9147,.15
10130,.15
11113,.15
12096,.15
13079,.15
14062,.15
15045,.15
16028,.15
17011,.15
17994,.15
18977,.15
19960,.15
19960,.15
18977,.15
17994,.15
17011,.15
16028,.15
15045,.15
14062,.15
13079,.15
12096,.15
11113,.15
10130,.15
9147,.15
8164,.15
7181,.15
6198,.15
5215,.15
4232,.15
3249,.15
2266,.15
1283,.15
300,.15
300,.15
1014,.15
1728,.15
2442,.15
3156,.15
3870,.15
4584,.15
5298,.15
6012,.15
6726,.15
7440,.15
8154,.15
8868,.15
9582,.15
10296,.15
11010,.15
11724,.15
12438,.15
13152,.15
13866,.15
14580,.15
14586,.15
13872,.15
13158,.15
12444,.15
11730,.15
11016,.15
10302,.15
9588,.15
8874,.15
8160,.15
7446,.15
6732,.15
6018,.15
5304,.15
4590,.15
3876,.15
3162,.15
2448,.15
1734,.15
1020,.15
306,.15
300,.15
323,.15
346,.15
369,.15
392,.15
415,.15
438,.15
461,.15
484,.15
507,.15
530,.15
553,.15
576,.15
599,.15
622,.15
645,.15
668,.15
691,.15
714,.15
737,.15
760,.15
767,.15
744,.15
721,.15
698,.15
675,.15
652,.15
629,.15
606,.15
583,.15
560,.15
537,.15
514,.15
491,.15
468,.15
445,.15
422,.15
399,.15
376,.15
353,.15
330,.15
307,.15
300,.15
438,.15
576,.15
714,.15
852,.15
990,.15
1128,.15
1266,.15
1404,.15
1542,.15
1680,.15
1818,.15
1956,.15
2094,.15
2232,.15
2370,.15
2508,.15
2646,.15
2784,.15
2922,.15
3060,.15
3070,.15
2932,.15
2794,.15
2656,.15
2518,.15
2380,.15
2242,.15
2104,.15
1966,.15
1828,.15
1690,.15
1552,.15
1414,.15
1276,.15
1138,.15
1000,.15
862,.15
724,.15
586,.15
448,.15
310,.15
300,.15
1168,.15
2036,.15
2904,.15
3772,.15
4640,.15
5508,.15
6376,.15
7244,.15
8112,.15
8980,.15
9848,.15
10716,.15
11584,.15
12452,.15
13320,.15
14188,.15
15056,.15
15924,.15
16792,.15
17656,.15
16788,.15
15920,.15
15052,.15
14184,.15
13316,.15
12448,.15
11580,.15
10712,.15
9844,.15
8976,.15
8108,.15
7240,.15
6372,.15
5504,.15
4636,.15
3768,.15
2900,.15
2032,.15
1164,.15
300,.15
1206,.15
2112,.15
3018,.15
3924,.15
4830,.15
5736,.15
6642,.15
7548,.15
8454,.15
9360,.15
10266,.15
11172,.15
12078,.15
12984,.15
13890,.15
14796,.15
15702,.15
16608,.15
17514,.15
18420,.15
18424,.15
17518,.15
16612,.15
15706,.15
14800,.15
13894,.15
12988,.15
12082,.15
11176,.15
10270,.15
9364,.15
8458,.15
7552,.15
6646,.15
5740,.15
4834,.15
3928,.15
3022,.15
2116,.15
1210,.15
304,.15
300,.15
1206,.15
2112,.15
3018,.15
3924,.15
4830,.15
5736,.15
6642,.15
7548,.15
8454,.15
9360,.15
10266,.15
11172,.15
12078,.15
12984,.15
13890,.15
14796,.15
15702,.15
16608,.15
17514,.15
18420,.15
18424,.15
17518,.15
16612,.15
15706,.15
14800,.15
13894,.15
12988,.15
12082,.15
11176,.15
10270,.15
9364,.15
8458,.15
7552,.15
6646,.15
5740,.15
4834,.15
3928,.15
3022,.15
2116,.15
1210,.15
304,.15
300,.15
1206,.15
2112,.15
3018,.15
3924,.15
4830,.15
5736,.15
6642,.15
7548,.15
8454,.15
9360,.15
10266,.15
11172,.15
12078,.15
12984,.15
13890,.15
14796,.15
15702,.15
16608,.15
17514,.15
18420,.15
18424,.15
17518,.15
16612,.15
15706,.15
14800,.15
13894,.15
12988,.15
12082,.15
11176,.15
10270,.15
9364,.15
8458,.15
7552,.15
6646,.15
5740,.15
4834,.15
3928,.15
3022,.15
2116,.15
1210,.15
304,.15
300,.15
1206,.15
2112,.15
3018,.15
3924,.15
4830,.15
5736,.15
6642,.15
7548,.15
8454,.15
9360,.15
10266,.15
11172,.15
12078,.15
12984,.15
13890,.15
14796,.15
15702,.15
16608,.15
17514,.15
18420,.15
18424,.15
17518,.15
16612,.15
15706,.15
14800,.15
13894,.15
12988,.15
12082,.15
11176,.15
10270,.15
9364,.15
8458,.15
7552,.15
6646,.15
5740,.15
4834,.15
3928,.15
3022,.15
2116,.15
1210,.15
304,.15
300,.15
1206,.15
2112,.15
3018,.15
3924,.15
4830,.15
5736,.15
6642,.15
7548,.15
8454,.15
9360,.15
10266,.15
11172,.15
12078,.15
12984,.15
13890,.15
14796,.15
15702,.15
16608,.15
17514,.15
18420,.15
18424,.15
17518,.15
16612,.15
15706,.15
14800,.15
13894,.15
12988,.15
12082,.15
11176,.15
10270,.15
9364,.15
8458,.15
7552,.15
6646,.15
5740,.15
4834,.15
3928,.15
3022,.15
2116,.15
1210,.15
304,.15
300,.15
438,.15
576,.15
714,.15
852,.15
990,.15
1128,.15
1266,.15
1404,.15
1542,.15
1680,.15
1818,.15
1956,.15
2094,.15
2232,.15
2370,.15
2508,.15
2646,.15
2784,.15
2922,.15
3060,.15
3070,.15
2932,.15
2794,.15
2656,.15
2518,.15
2380,.15
2242,.15
2104,.15
1966,.15
1828,.15
1690,.15
1552,.15
1414,.15
1276,.15
1138,.15
1000,.15
862,.15
724,.15
586,.15
448,.15
310,.15
300,.15
323,.15
346,.15
369,.15
392,.15
415,.15
438,.15
461,.15
484,.15
507,.15
530,.15
553,.15
576,.15
599,.15
622,.15
645,.15
668,.15
691,.15
714,.15
737,.15
760,.15
767,.15
744,.15
721,.15
698,.15
675,.15
652,.15
629,.15
606,.15
583,.15
560,.15
537,.15
514,.15
491,.15
468,.15
445,.15
422,.15
399,.15
376,.15
353,.15
330,.15
307,.15
300,.15
323,.15
346,.15
369,.15
392,.15
415,.15
438,.15
461,.15
484,.15
507,.15
530,.15
553,.15
576,.15
599,.15
622,.15
645,.15
668,.15
691,.15
714,.15
737,.15
760,.15
767,.15
744,.15
721,.15
698,.15
675,.15
652,.15
629,.15
606,.15
583,.15
560,.15
537,.15
514,.15
491,.15
468,.15
445,.15
422,.15
399,.15
376,.15
353,.15
330,.15
307,.15
300,.15
1014,.15
1728,.15
2442,.15
3156,.15
3870,.15
4584,.15
5298,.15
6012,.15
6726,.15
7440,.15
8154,.15
8868,.15
9582,.15
10296,.15
11010,.15
11724,.15
12438,.15
13152,.15
13866,.15
14580,.15
14586,.15
13872,.15
13158,.15
12444,.15
11730,.15
11016,.15
10302,.15
9588,.15
8874,.15
8160,.15
7446,.15
6732,.15
6018,.15
5304,.15
4590,.15
3876,.15
3162,.15
2448,.15
1734,.15
1020,.15
306,.15
300,.15
1206,.15
2112,.15
3018,.15
3924,.15
4830,.15
5736,.15
6642,.15
7548,.15
8454,.15
9360,.15
10266,.15
11172,.15
12078,.15
12984,.15
13890,.15
14796,.15
15702,.15
16608,.15
17514,.15
18420,.15
18424,.15
17518,.15
16612,.15
15706,.15
14800,.15
13894,.15
12988,.15
12082,.15
11176,.15
10270,.15
9364,.15
8458,.15
7552,.15
6646,.15
5740,.15
4834,.15
3928,.15
3022,.15
2116,.15
1210,.15
304,.15
300,.15
1206,.15
2112,.15
3018,.15
3924,.15
4830,.15
5736,.15
6642,.15
7548,.15
8454,.15
9360,.15
10266,.15
11172,.15
12078,.15
12984,.15
13890,.15
14796,.15
15702,.15
16608,.15
17514,.15
18420,.15
18424,.15
17518,.15
16612,.15
15706,.15
14800,.15
13894,.15
12988,.15
12082,.15
11176,.15
10270,.15
9364,.15
8458,.15
7552,.15
6646,.15
5740,.15
4834,.15
3928,.15
3022,.15
2116,.15
1210,.15
304,.15
300,.15
1014,.15
1728,.15
2442,.15
3156,.15
3870,.15
4584,.15
5298,.15
6012,.15
6726,.15
7440,.15
8154,.15
8868,.15
9582,.15
10296,.15
11010,.15
11724,.15
12438,.15
13152,.15
13866,.15
14580,.15
14586,.15
13872,.15
13158,.15
12444,.15
11730,.15
11016,.15
10302,.15
9588,.15
8874,.15
8160,.15
7446,.15
6732,.15
6018,.15
5304,.15
4590,.15
3876,.15
3162,.15
2448,.15
1734,.15
1020,.15
306,.15
300,.15
1168,.15
2036,.15
2904,.15
3772,.15
4640,.15
5508,.15
6376,.15
7244,.15
8112,.15
8980,.15
9848,.15
10716,.15
11584,.15
12452,.15
13320,.15
14188,.15
15056,.15
15924,.15
16792,.15
17656,.15
16788,.15
15920,.15
15052,.15
14184,.15
13316,.15
12448,.15
11580,.15
10712,.15
9844,.15
8976,.15
8108,.15
7240,.15
6372,.15
5504,.15
4636,.15
3768,.15
2900,.15
2032,.15
1164,.15
300,.15
1168,.15
2036,.15
2904,.15
3772,.15
4640,.15
5508,.15
6376,.15
7244,.15
8112,.15
8980,.15
9848,.15
10716,.15
11584,.15
12452,.15
13320,.15
14188,.15
15056,.15
15924,.15
16792,.15
17656,.15
16788,.15
15920,.15
15052,.15
14184,.15
13316,.15
12448,.15
11580,.15
10712,.15
9844,.15
8976,.15
8108,.15
7240,.15
6372,.15
5504,.15
4636,.15
3768,.15
2900,.15
2032,.15
1164,.15
300,.15
1014,.15
1728,.15
2442,.15
3156,.15
3870,.15
4584,.15
5298,.15
6012,.15
6726,.15
7440,.15
8154,.15
8868,.15
9582,.15
10296,.15
11010,.15
11724,.15
12438,.15
13152,.15
13866,.15
14580,.15
14586,.15
13872,.15
13158,.15
12444,.15
11730,.15
11016,.15
10302,.15
9588,.15
8874,.15
8160,.15
7446,.15
6732,.15
6018,.15
5304,.15
4590,.15
3876,.15
3162,.15
2448,.15
1734,.15
1020,.15
306,.15
300,3
300,3
300,3
300,3
300,3
300,3
300,3
300,3
300,3
300,3
300,3
300,3
300,3
300,3
300,3
300,3
300,3
300,3
300,3
300,3
300,3
300,3
300,3
300,3
300,3
300,3
300,3
300,3
300,3
300,3
300,3
300,3
300,3
300,3
300,3
300,3
300,3
300,3
300,3
300,3
300,3
300,3
300,3
300,3
300,3
300,3
300,3
300,3
300,3
300,3
300,3
300,3
300,3
300,3
300,3
300,3
300,3
300,3
300,1.5
200,1.5
300,1.5
200,1.5
300,1.5
200,1.5
300,1.5
200,1.5
300,3
300,3
300,3
300,3
300,.15
1014,.15
1728,.15
2442,.15
3156,.15
3870,.15
4584,.15
5298,.15
6012,.15
6726,.15
7440,.15
8154,.15
8868,.15
9582,.15
10296,.15
11010,.15
11724,.15
12438,.15
13152,.15
13866,.15
14580,.15
14586,.15
13872,.15
13158,.15
12444,.15
11730,.15
11016,.15
10302,.15
9588,.15
8874,.15
8160,.15
7446,.15
6732,.15
6018,.15
5304,.15
4590,.15
3876,.15
3162,.15
2448,.15
1734,.15
1020,.15
306,.15
300,3
300,3
300,3
300,3
300,3
300,3
300,3
300,3
300,3
300,3
300,3
300,3
300,3
300,.15
746,.15
1192,.15
1638,.15
2084,.15
2530,.15
2976,.15
3422,.15
3868,.15
4314,.15
4760,.15
5206,.15
5652,.15
6098,.15
6544,.15
6990,.15
7436,.15
7882,.15
8328,.15
8774,.15
9212,.15
8766,.15
8320,.15
7874,.15
7428,.15
6982,.15
6536,.15
6090,.15
5644,.15
5198,.15
4752,.15
4306,.15
3860,.15
3414,.15
2968,.15
2522,.15
2076,.15
1630,.15
1184,.15
738,.15
300,.15
707,.15
1114,.15
1521,.15
1928,.15
2335,.15
2742,.15
3149,.15
3556,.15
3963,.15
4370,.15
4777,.15
5184,.15
5591,.15
5998,.15
6405,.15
6812,.15
7219,.15
7626,.15
8033,.15
8440,.15
8444,.15
8037,.15
7630,.15
7223,.15
6816,.15
6409,.15
6002,.15
5595,.15
5188,.15
4781,.15
4374,.15
3967,.15
3560,.15
3153,.15
2746,.15
2339,.15
1932,.15
1525,.15
1118,.15
711,.15
304,.15
300,.15
861,.15
1422,.15
1983,.15
2544,.15
3105,.15
3666,.15
4227,.15
4788,.15
5349,.15
5910,.15
6471,.15
7032,.15
7593,.15
8154,.15
8715,.15
9276,.15
9837,.15
10398,.15
10959,.15
11515,.15
10954,.15
10393,.15
9832,.15
9271,.15
8710,.15
8149,.15
7588,.15
7027,.15
6466,.15
5905,.15
5344,.15
4783,.15
4222,.15
3661,.15
3100,.15
2539,.15
1978,.15
1417,.15
856,.15
300,.15
630,.15
960,.15
1290,.15
1620,.15
1950,.15
2280,.15
2610,.15
2940,.15
3270,.15
3600,.15
3930,.15
4260,.15
4590,.15
4920,.15
5250,.15
5580,.15
5910,.15
6240,.15
6570,.15
6900,.15
6909,.15
6579,.15
6249,.15
5919,.15
5589,.15
5259,.15
4929,.15
4599,.15
4269,.15
3939,.15
3609,.15
3279,.15
2949,.15
2619,.15
2289,.15
1959,.15
1629,.15
1299,.15
969,.15
639,.15
309,.15
300,.15
861,.15
1422,.15
1983,.15
2544,.15
3105,.15
3666,.15
4227,.15
4788,.15
5349,.15
5910,.15
6471,.15
7032,.15
7593,.15
8154,.15
8715,.15
9276,.15
9837,.15
10398,.15
10959,.15
11515,.15
10954,.15
10393,.15
9832,.15
9271,.15
8710,.15
8149,.15
7588,.15
7027,.15
6466,.15
5905,.15
5344,.15
4783,.15
4222,.15
3661,.15
3100,.15
2539,.15
1978,.15
1417,.15
856,.15
300,.15
899,.15
1498,.15
2097,.15
2696,.15
3295,.15
3894,.15
4493,.15
5092,.15
5691,.15
6290,.15
6889,.15
7488,.15
8087,.15
8686,.15
9285,.15
9884,.15
10483,.15
11082,.15
11681,.15
12280,.15
12283,.15
11684,.15
11085,.15
10486,.15
9887,.15
9288,.15
8689,.15
8090,.15
7491,.15
6892,.15
6293,.15
5694,.15
5095,.15
4496,.15
3897,.15
3298,.15
2699,.15
2100,.15
1501,.15
902,.15
303,.15
300,3
300,3
300,3
300,3
300,3
300,3
300,3
300,3
300,3
300,3
300,3
300,3
300,3
300,3
300,3
300,3
300,3
300,3
300,3
300,3
300,3
300,3
300,3
300,3
300,3
300,3
300,3
300,3
300,3
300,3
300,3
300,3
300,3
300,3
300,3
300,3
300,3
300,3
300,3
300,3
300,3
300,3
300,3
300,3
300,3
300,3
300,3
300,3
300,3
300,3
300,3
300,3
300,3
300,3
300,3
300,3
300,2
300,2
300,2
300,2
300,2
300,2
300,2
300,2
300,2
300,2
300,2
300,2
300,2
300,2
300,2
300,2
300,2
300,2
300,2
300,2
300,2
300,2
300,2
300,2
300,2
300,2
300,2
300,2
300,2
300,2
300,2
300,2
300,2
300,2
300,2
300,2
300,2
300,2
300,2
300,2
300,2
300,2
300,2
300,2
300,2
300,2
300,2
300,2
300,2
300,2
300,2
300,2
300,2
300,2
300,2
300,2
300,2
300,2
300,2
300,2
300,2
300,2
300,2
300,2
300,2
300,2
300,2
300,2
300,2
300,2
300,2
300,2
300,2
300,2
300,1
200,1
300,1
200,1
